   8.4445700e+00
   8.6465704e+00
   8.8530636e+00
   9.0641237e+00
   9.2798258e+00
   9.5002464e+00
   9.7254631e+00
   9.9555547e+00
   1.0190601e+01
   1.0430683e+01
   1.0675883e+01
   1.0926285e+01
   1.1181971e+01
   1.1443028e+01
   1.1709542e+01
   1.1981599e+01
   1.2259287e+01
   1.2542695e+01
   1.2831912e+01
   1.3127027e+01
   1.3428132e+01
   1.3735316e+01
   1.4048672e+01
   1.4368290e+01
   1.4694264e+01
   1.5026684e+01
   1.5365644e+01
   1.5711234e+01
   1.6063548e+01
   1.6422678e+01
   1.6788713e+01
   1.7161747e+01
   1.7541868e+01
   1.7929168e+01
   1.8323734e+01
   1.8725656e+01
   1.9135020e+01
   1.9551912e+01
   1.9976417e+01
   2.0408616e+01
   2.0848593e+01
   2.1296426e+01
   2.1752194e+01
   2.2215970e+01
   2.2687829e+01
   2.3167842e+01
   2.3656076e+01
   2.4152597e+01
   2.4657467e+01
   2.5170745e+01
   2.5692487e+01
   2.6222746e+01
   2.6761569e+01
   2.7309001e+01
   2.7865083e+01
   2.8429851e+01
   2.9003337e+01
   2.9585566e+01
   3.0176562e+01
   3.0776342e+01
   3.1384916e+01
   3.2002290e+01
   3.2628466e+01
   3.3263438e+01
   3.3907194e+01
   3.4559716e+01
   3.5220980e+01
   3.5890955e+01
   3.6569604e+01
   3.7256881e+01
   3.7952734e+01
   3.8657105e+01
   3.9369926e+01
   4.0091125e+01
   4.0820617e+01
   4.1558314e+01
   4.2304118e+01
   4.3057923e+01
   4.3819615e+01
   4.4589070e+01
   4.5366159e+01
   4.6150742e+01
   4.6942671e+01
   4.7741790e+01
   4.8547934e+01
   4.9360930e+01
   5.0180596e+01
   5.1006741e+01
   5.1839168e+01
   5.2677667e+01
   5.3522024e+01
   5.4372015e+01
   5.5227407e+01
   5.6087961e+01
   5.6953429e+01
   5.7823556e+01
   5.8698077e+01
   5.9576723e+01
   6.0459217e+01
   6.1345274e+01
   6.2234604e+01
   6.3126910e+01
   6.4021889e+01
   6.4919232e+01
   6.5818627e+01
   6.6719754e+01
   6.7622291e+01
   6.8525911e+01
   6.9430284e+01
   7.0335075e+01
   7.1239950e+01
   7.2144568e+01
   7.3048591e+01
   7.3951677e+01
   7.4853484e+01
   7.5753671e+01
   7.6651895e+01
   7.7547816e+01
   7.8441096e+01
   7.9331398e+01
   8.0218388e+01
   8.1101736e+01
   8.1981116e+01
   8.2856207e+01
   8.3726691e+01
   8.4592258e+01
   8.5452605e+01
   8.6307434e+01
   8.7156456e+01
   8.7999390e+01
   8.8835963e+01
   8.9665912e+01
   9.0488985e+01
   9.1304939e+01
   9.2113543e+01
   9.2914575e+01
   9.3707828e+01
   9.4493105e+01
   9.5270224e+01
   9.6039015e+01
   9.6799320e+01
   9.7550998e+01
   9.8293919e+01
   9.9027969e+01
   9.9753049e+01
   1.0046907e+02
   1.0117597e+02
   1.0187369e+02
   1.0256219e+02
   1.0324144e+02
   1.0391144e+02
   1.0457219e+02
   1.0522370e+02
   1.0586602e+02
   1.0649919e+02
   1.0712328e+02
   1.0773835e+02
   1.0834451e+02
   1.0894184e+02
   1.0953048e+02
   1.1011054e+02
   1.1068217e+02
   1.1124550e+02
   1.1180071e+02
   1.1234796e+02
   1.1288743e+02
   1.1341930e+02
   1.1394377e+02
   1.1446103e+02
   1.1497128e+02
   1.1547475e+02
   1.1597163e+02
   1.1646214e+02
   1.1694650e+02
   1.1742493e+02
   1.1789763e+02
   1.1836483e+02
   1.1882674e+02
   1.1928356e+02
   1.1973550e+02
   1.2018276e+02
   1.2062552e+02
   1.2106397e+02
   1.2149829e+02
   1.2192864e+02
   1.2235516e+02
   1.2277802e+02
   1.2319732e+02
   1.2361320e+02
   1.2402575e+02
   1.2443506e+02
   1.2484119e+02
   1.2524420e+02
   1.2564412e+02
   1.2604098e+02
   1.2643477e+02
   1.2682547e+02
   1.2721305e+02
   1.2759743e+02
   1.2797854e+02
   1.2835627e+02
   1.2873051e+02
   1.2910112e+02
   1.2946791e+02
   1.2983072e+02
   1.3018933e+02
   1.3054352e+02
   1.3089303e+02
   1.3123760e+02
   1.3157693e+02
   1.3191073e+02
   1.3223865e+02
   1.3256036e+02
   1.3287549e+02
   1.3318366e+02
   1.3348447e+02
   1.3377750e+02
   1.3406233e+02
   1.3433852e+02
   1.3460561e+02
   1.3486313e+02
   1.3511061e+02
   1.3534756e+02
   1.3557348e+02
   1.3578788e+02
   1.3599024e+02
   1.3618005e+02
   1.3635680e+02
   1.3651997e+02
   1.3666904e+02
   1.3680349e+02
   1.3692280e+02
   1.3702647e+02
   1.3711399e+02
   1.3718485e+02
   1.3723857e+02
   1.3727465e+02
   1.3729263e+02
   1.3729203e+02
   1.3727241e+02
   1.3723334e+02
   1.3717438e+02
   1.3709514e+02
   1.3699522e+02
   1.3687426e+02
   1.3673191e+02
   1.3656783e+02
   1.3638172e+02
   1.3617329e+02
   1.3594227e+02
   1.3568844e+02
   1.3541156e+02
   1.3511146e+02
   1.3478796e+02
   1.3444093e+02
   1.3407026e+02
   1.3367586e+02
   1.3325767e+02
   1.3281565e+02
   1.3234982e+02
   1.3186018e+02
   1.3134680e+02
   1.3080975e+02
   1.3024914e+02
   1.2966509e+02
   1.2905778e+02
   1.2842739e+02
   1.2777413e+02
   1.2709824e+02
   1.2639999e+02
   1.2567966e+02
   1.2493757e+02
   1.2417406e+02
   1.2338949e+02
   1.2258424e+02
   1.2175872e+02
   1.2091334e+02
   1.2004856e+02
   1.1916484e+02
   1.1826266e+02
   1.1734251e+02
   1.1640492e+02
   1.1545042e+02
   1.1447955e+02
   1.1349286e+02
   1.1249093e+02
   1.1147434e+02
   1.1044368e+02
   1.0939956e+02
   1.0834257e+02
   1.0727334e+02
   1.0619248e+02
   1.0510063e+02
   1.0399842e+02
   1.0288648e+02
   1.0176544e+02
   1.0063594e+02
   9.9498630e+01
   9.8354133e+01
   9.7203089e+01
   9.6046129e+01
   9.4883883e+01
   9.3716974e+01
   9.2546024e+01
   9.1371645e+01
   9.0194445e+01
   8.9015024e+01
   8.7833974e+01
   8.6651879e+01
   8.5469312e+01
   8.4286839e+01
   8.3105013e+01
   8.1924378e+01
   8.0745466e+01
   7.9568797e+01
   7.8394879e+01
   7.7224208e+01
   7.6057267e+01
   7.4894524e+01
   7.3736437e+01
   7.2583446e+01
   7.1435981e+01
   7.0294457e+01
   6.9159272e+01
   6.8030814e+01
   6.6909452e+01
   6.5795544e+01
   6.4689433e+01
   6.3591446e+01
   6.2501895e+01
   6.1421081e+01
   6.0349286e+01
   5.9286782e+01
   5.8233824e+01
   5.7190654e+01
   5.6157499e+01
   5.5134573e+01
   5.4122078e+01
   5.3120200e+01
   5.2129113e+01
   5.1148979e+01
   5.0179945e+01
   4.9222148e+01
   4.8275712e+01
   4.7340749e+01
   4.6417359e+01
   4.5505632e+01
   4.4605645e+01
   4.3717467e+01
   4.2841154e+01
   4.1976754e+01
   4.1124304e+01
   4.0283833e+01
   3.9455360e+01
   3.8638894e+01
   3.7834438e+01
   3.7041986e+01
   3.6261525e+01
   3.5493032e+01
   3.4736480e+01
   3.3991833e+01
   3.3259050e+01
   3.2538084e+01
   3.1828881e+01
   3.1131382e+01
   3.0445523e+01
   2.9771235e+01
   2.9108445e+01
   2.8457075e+01
   2.7817042e+01
   2.7188262e+01
   2.6570645e+01
   2.5964099e+01
   2.5368528e+01
   2.4783835e+01
   2.4209919e+01
   2.3646677e+01
   2.3094006e+01
   2.2551798e+01
   2.2019945e+01
   2.1498339e+01
   2.0986868e+01
   2.0485421e+01
   1.9993887e+01
   1.9512152e+01
   1.9040103e+01
   1.8577626e+01
   1.8124608e+01
   1.7680936e+01
   1.7246495e+01
   1.6821174e+01
   1.6404858e+01
   1.5997437e+01
   1.5598798e+01
   1.5208831e+01
   1.4827427e+01
   1.4454476e+01
   1.4089870e+01
   1.3733503e+01
   1.3385269e+01
